
#S(RANDOM-STATE :MTI 624
                :FIXSEED
                #(3387838625 512736749 2209161161 1544071413 3430464817
                  2608594237 3412255449 3331173573 3724434113 168524173
                  434732777 441808277 3808213329 1394246365 1740440569
                  2944979813 1454532833 3843189037 3359801865
                  1072010805 1773074801 2100919421 2933393689 76451333
                  1902312193 3456306381 753183017 953912021 951057809
                  1381984797 954757689 3525926053 3245904161 2651579501
                  244085833 1017762677 120604081 2061683645 3081944921
                  3979591493 1382787905 590049293 3464913769 2551377941
                  2909819345 3907658077 2290839673 3705157093 163891553
                  2586849197 447673993 925458613 2797642225 4067158781
                  2253850009 76628101 1226599297 1756930893 3748834729
                  1867490645 3548493329 2871961757 462028473 237592357
                  3491434913 389237485 2043545801 154680821 2065960497
                  2127092285 2485705689 2478510533 3732487105
                  2329847437 692946921 2330307221 2384996945 178323421
                  2949127417 162584677 2516543969 2143893037 3255675657
                  3249171253 673090161 938318205 1938571801 3905237765
                  2626034689 1121024461 2663051817 2351497173
                  1369943697 2511677213 1009371961 402825637 4260745761
                  2879779181 3532774729 3830704245 41162417 4073597117
                  266680409 2529403973 1313279041 1455758605 2606689385
                  695051541 1665417937 937369181 814942585 1722989285
                  193088097 528317613 327065481 2852697525 1340650225
                  2170456061 3986144921 3049940357 1069550721
                  3656224845 601716393 1845992021 423749393 2039670173
                  3051870137 1213539365 1663619745 1292097517
                  3052925385 1084019445 2269142833 4069701437
                  1778898137 585987781 2113215681 1820251021 635080937
                  4199210901 451189585 3225713885 3993777657 1954405733
                  2322426593 3538748205 4095857673 182730805 2420054897
                  3529422461 4221139737 3225475077 384449793 2074928845
                  3086629673 1133212885 2691719057 2389173277 870589497
                  1203824293 668209953 3169648237 1361069641 3769826677
                  61401009 1773569469 1907405145 3034089797 1503882561
                  2175519245 1507882345 3558693397 3005821905
                  3278969693 1532207737 62013413 1122028385 3283601837
                  3642181769 1323109045 1799472113 4270728445 884045721
                  2898823813 371502465 1169128781 875642793 2337574741
                  1834162193 3688112797 4047417529 249948453 2216137633
                  2365678829 1630198473 3610666997 2177740849 333026365
                  2248134105 421845957 3715235265 468451469 1485871593
                  3716486293 976358481 822409693 2072596217 888136293
                  1962699745 3950891053 3346988297 814945589 1930472561
                  2844578685 3221206041 1879145733 1099914753 630543309
                  27427881 335735253 369758353 964141341 3105324345
                  3865324453 3222492193 518065005 859287369 2261193333
                  466532529 2090590909 2517969497 1819438661 360762945
                  2430564109 3540713065 2367819541 3458147537
                  3365935197 3788323705 2027341029 1893747809 333387437
                  1417212297 3131465653 1238095089 1190838781
                  1420046489 1317777285 2907328129 3640552013 426641577
                  4231431253 1085622545 1324507037 3868101049
                  1725672997 870798497 2754343405 2758198217 2718235893
                  4224450865 4288508221 554747609 459358405 502259393
                  103165325 175088361 2845067669 2635103569 434271965
                  2973722617 2416371557 2527882465 3598425389
                  2770675209 1203169845 2710781297 444067965 968813849
                  3708232197 2104852225 3985293517 78892329 2995740373
                  2742337937 2481217053 1690555961 2028761253
                  1202951457 511842413 567810121 730867573 1541769649
                  3363717053 907191129 3801174853 585051969 1902126093
                  3487467369 1232847893 3844478417 2221675869
                  2634011769 2334149093 1451281761 2633196461
                  1856215689 2187637941 1015473649 933519101 1181739417
                  1299589 3861966721 3235534669 3700674985 4121786709
                  73955857 1340972189 2933351097 1429631781 1939346849
                  1602453229 2829823177 1980273141 2252034609
                  3537784381 1950007257 3466765765 1617870785
                  2553109133 2222435305 3547889301 4102024785 937227229
                  3895361785 3401772133 813526497 2699455021 4128526089
                  1699725109 3972451953 2183138685 3788973593
                  3964782341 731684865 2156735949 1244534313 3559969749
                  967864977 2595101469 3488165689 2220471717 1068815905
                  147858797 3321987401 604912757 3572325041 3932003517
                  178855001 1010120773 582914113 271438093 425398377
                  4264196373 691930833 869601885 1709927801 4287549157
                  3032632929 3958681773 278348681 991431093 2490562289
                  2911566845 51683993 643889541 2715324545 709051469
                  2258803369 2897833557 694987537 1539692957 1662598073
                  3740678181 1143592609 2349337581 2532939209 675358453
                  2988155697 2862361405 3095247065 3622374085
                  3320750273 1057064845 262714601 3492918165 4051722065
                  1207202013 2035718649 706998629 2205118177 1472083757
                  592214025 2656932917 631988081 1032137341 826826521
                  2195811333 2902769921 2342296269 1527865129 770132181
                  3384615825 1255462941 2475132985 2376858277 689379105
                  717959789 3367234121 3309392245 2548444081 2134505917
                  3436746073 2656968005 3055481153 1514700301
                  2021693801 2687381013 3412522961 333123421 361760377
                  2602718181 1285869409 2380463533 592702601 2042650293
                  2727348209 2242812157 2207407001 645078661 3242275201
                  1111044429 546988969 1448764245 549575697 4017821341
                  475272377 152763685 2795280289 4139358445 2555412169
                  2377038837 275575857 2748778557 651801049 3694424005
                  1869578689 1738716301 4110597609 348121237 1158795345
                  120122845 3182932729 4079613541 3498209249 134415405
                  2513281289 132147509 490795121 2846312317 2702350361
                  2243301637 1655562753 3149465549 3227363369
                  1957871061 1150997649 2706937117 1218371897 434323365
                  2228901921 3513991021 3538899785 1680434805
                  3050306737 605247165 899747417 772538949 2113950273
                  1018178317 3058639465 612819733 4238403793 1635650653
                  2230165369 584767717 3743961185 264129197 2413401481
                  3546133429 3084785905 2635019773 3236500633
                  1699365765 627757697 901520973 3011194025 663771221
                  1533545745 2282574749 4085771705 3634676261
                  2616219809 1821910509 3585107913 2068926709 841958705
                  3683575101 4165905113 2156188869 2112971457
                  2131812749 2105919209 371400085 2687779153 846883549
                  240241657 1792342885 1488351457 3199521069 3063400969
                  3067625013 2760343921 596010109 2855653657 3654268421
                  2912420609 3185734861 51573033 1569927893 2605286801
                  2604225053 2284796473 2919204005 3556677921
                  1237863533 2377366601 1439071093 1068158385
                  1978250173 4261578585 272557893 459453249 2758072333
                  2613488489 2150930453 3991656913 1505626461
                  2365864057 1538809317 760009057 4270233517 1059602057
                  3706718389 626862577 3500987133 3021524377 1206282373
                  2941612929 835455821 1212478889 1432046933 1247755793
                  2726072477 28624569 1385400101 623188385 3131290349
                  2014925001 3324569077 2825033265 1858323005
                  1708958681 1775909317 309609409 4065070733 4063350761
                  1230721685 3018306129 2263410653 3290752249
                  3592749157 1561031137 2295569965 4004180745
                  3225752373 2357138033 136479101 3316779545 1680759557
                  4005766145 1058595277 2888907305 2642978773
                  3200857745 896995101 3946353465 3472935333 2542000673
                  3771357549 2717984073 4011364469 1182178993 297603261
                  3741122649 1777781829 793121857 2120647949 4058461289
                  2822196501 3494365905 966461021 114545017 180019941)) 